id=05_05_Na22_pos10
time.start=2026/05/05 18:33:10.549+0200
time.stop=2026/05/05 18:38:10.574+0200
time.real=00:05:00
board.3-0-10281.readout.rate=3.967 kb/s
board.3-0-10281.LaBr(Ce).rejections.singles=0.0
board.3-0-10281.LaBr(Ce).rejections.pileup=1.92877
board.3-0-10281.LaBr(Ce).rejections.saturation=0.964387
board.3-0-10281.LaBr(Ce).rejections.energy=0.0
board.3-0-10281.LaBr(Ce).rejections.psd=0.0
board.3-0-10281.LaBr(Ce).rejections.timedistribution=0.0
board.3-0-10281.LaBr(Ce).throughput=114.865
board.3-0-10281.LaBr(Ce).icr=116.691
board.3-0-10281.LaBr(Ce).ocr=113.798
board.3-0-10281.LaBr(Ce).calibration.energy.c0=0.0
board.3-0-10281.LaBr(Ce).calibration.energy.c1=1.0
board.3-0-10281.LaBr(Ce).calibration.energy.c2=0.0
board.3-0-10281.LaBr(Ce).calibration.energy.uom=keV
board.3-0-10281.CeBr.rejections.singles=0.0
board.3-0-10281.CeBr.rejections.pileup=30.7704
board.3-0-10281.CeBr.rejections.saturation=0.0
board.3-0-10281.CeBr.rejections.energy=0.0
board.3-0-10281.CeBr.rejections.psd=0.0
board.3-0-10281.CeBr.rejections.timedistribution=0.0
board.3-0-10281.CeBr.throughput=204.253
board.3-0-10281.CeBr.icr=221.348
board.3-0-10281.CeBr.ocr=190.578
board.3-0-10281.CeBr.calibration.energy.c0=0.0
board.3-0-10281.CeBr.calibration.energy.c1=1.0
board.3-0-10281.CeBr.calibration.energy.c2=0.0
board.3-0-10281.CeBr.calibration.energy.uom=keV
