id=18_03_Na22Pos3
time.start=2026/03/18 15:12:05.077+0100
time.stop=2026/03/18 15:17:05.101+0100
time.real=00:05:00
board.3-0-10281.readout.rate=4.350 kb/s
board.3-0-10281.LaBr(Ce).rejections.singles=0.0
board.3-0-10281.LaBr(Ce).rejections.pileup=2.02117
board.3-0-10281.LaBr(Ce).rejections.saturation=0.0
board.3-0-10281.LaBr(Ce).rejections.energy=0.0
board.3-0-10281.LaBr(Ce).rejections.psd=0.0
board.3-0-10281.LaBr(Ce).rejections.timedistribution=0.0
board.3-0-10281.LaBr(Ce).throughput=129.271
board.3-0-10281.LaBr(Ce).icr=132.386
board.3-0-10281.LaBr(Ce).ocr=129.355
board.3-0-10281.LaBr(Ce).calibration.energy.c0=0.0
board.3-0-10281.LaBr(Ce).calibration.energy.c1=1.0
board.3-0-10281.LaBr(Ce).calibration.energy.c2=0.0
board.3-0-10281.LaBr(Ce).calibration.energy.uom=keV
board.3-0-10281.CeBr.rejections.singles=0.0
board.3-0-10281.CeBr.rejections.pileup=29.7993
board.3-0-10281.CeBr.rejections.saturation=5.95986
board.3-0-10281.CeBr.rejections.energy=0.0
board.3-0-10281.CeBr.rejections.psd=0.0
board.3-0-10281.CeBr.rejections.timedistribution=0.0
board.3-0-10281.CeBr.throughput=241.482
board.3-0-10281.CeBr.icr=230.448
board.3-0-10281.CeBr.ocr=194.689
board.3-0-10281.CeBr.calibration.energy.c0=0.0
board.3-0-10281.CeBr.calibration.energy.c1=1.0
board.3-0-10281.CeBr.calibration.energy.c2=0.0
board.3-0-10281.CeBr.calibration.energy.uom=keV
