id=04_03_Eu152
time.start=2026/03/04 15:28:38.174+0100
time.stop=2026/03/04 15:33:38.203+0100
time.real=00:05:00
board.3-0-10281.readout.rate=18.083 kb/s
board.3-0-10281.LaBr(Ce).rejections.singles=0.0
board.3-0-10281.LaBr(Ce).rejections.pileup=13.9225
board.3-0-10281.LaBr(Ce).rejections.saturation=0.994463
board.3-0-10281.LaBr(Ce).rejections.energy=0.0
board.3-0-10281.LaBr(Ce).rejections.psd=0.0
board.3-0-10281.LaBr(Ce).rejections.timedistribution=0.0
board.3-0-10281.LaBr(Ce).throughput=498.263
board.3-0-10281.LaBr(Ce).icr=501.68
board.3-0-10281.LaBr(Ce).ocr=490.27
board.3-0-10281.LaBr(Ce).calibration.energy.c0=0.0
board.3-0-10281.LaBr(Ce).calibration.energy.c1=1.0
board.3-0-10281.LaBr(Ce).calibration.energy.c2=0.0
board.3-0-10281.LaBr(Ce).calibration.energy.uom=keV
board.3-0-10281.CeBr.rejections.singles=0.0
board.3-0-10281.CeBr.rejections.pileup=251.664
board.3-0-10281.CeBr.rejections.saturation=3.94767
board.3-0-10281.CeBr.rejections.energy=0.0
board.3-0-10281.CeBr.rejections.psd=0.0
board.3-0-10281.CeBr.rejections.timedistribution=0.0
board.3-0-10281.CeBr.throughput=1469.07
board.3-0-10281.CeBr.icr=1454.72
board.3-0-10281.CeBr.ocr=1196.14
board.3-0-10281.CeBr.calibration.energy.c0=0.0
board.3-0-10281.CeBr.calibration.energy.c1=1.0
board.3-0-10281.CeBr.calibration.energy.c2=0.0
board.3-0-10281.CeBr.calibration.energy.uom=keV
