id=01_04_Na22_pos2
time.start=2026/04/01 15:14:17.366+0200
time.stop=2026/04/01 15:19:17.398+0200
time.real=00:05:00
board.3-0-10281.readout.rate=3.817 kb/s
board.3-0-10281.LaBr(Ce).rejections.singles=0.0
board.3-0-10281.LaBr(Ce).rejections.pileup=0.0
board.3-0-10281.LaBr(Ce).rejections.saturation=0.997979
board.3-0-10281.LaBr(Ce).rejections.energy=0.0
board.3-0-10281.LaBr(Ce).rejections.psd=0.0
board.3-0-10281.LaBr(Ce).rejections.timedistribution=0.0
board.3-0-10281.LaBr(Ce).throughput=111.28
board.3-0-10281.LaBr(Ce).icr=110.984
board.3-0-10281.LaBr(Ce).ocr=112.772
board.3-0-10281.LaBr(Ce).calibration.energy.c0=0.0
board.3-0-10281.LaBr(Ce).calibration.energy.c1=1.0
board.3-0-10281.LaBr(Ce).calibration.energy.c2=0.0
board.3-0-10281.LaBr(Ce).calibration.energy.uom=keV
board.3-0-10281.CeBr.rejections.singles=0.0
board.3-0-10281.CeBr.rejections.pileup=25.7985
board.3-0-10281.CeBr.rejections.saturation=0.992252
board.3-0-10281.CeBr.rejections.energy=0.0
board.3-0-10281.CeBr.rejections.psd=0.0
board.3-0-10281.CeBr.rejections.timedistribution=0.0
board.3-0-10281.CeBr.throughput=192.433
board.3-0-10281.CeBr.icr=205.396
board.3-0-10281.CeBr.ocr=178.605
board.3-0-10281.CeBr.calibration.energy.c0=0.0
board.3-0-10281.CeBr.calibration.energy.c1=1.0
board.3-0-10281.CeBr.calibration.energy.c2=0.0
board.3-0-10281.CeBr.calibration.energy.uom=keV
