id=18_03_Na22Pos15
time.start=2026/03/18 16:46:21.596+0100
time.stop=2026/03/18 16:51:21.634+0100
time.real=00:05:00
board.3-0-10281.readout.rate=4.367 kb/s
board.3-0-10281.LaBr(Ce).rejections.singles=0.0
board.3-0-10281.LaBr(Ce).rejections.pileup=0.0
board.3-0-10281.LaBr(Ce).rejections.saturation=1.01419
board.3-0-10281.LaBr(Ce).rejections.energy=0.0
board.3-0-10281.LaBr(Ce).rejections.psd=0.0
board.3-0-10281.LaBr(Ce).rejections.timedistribution=0.0
board.3-0-10281.LaBr(Ce).throughput=143.569
board.3-0-10281.LaBr(Ce).icr=143.001
board.3-0-10281.LaBr(Ce).ocr=140.973
board.3-0-10281.LaBr(Ce).calibration.energy.c0=0.0
board.3-0-10281.LaBr(Ce).calibration.energy.c1=1.0
board.3-0-10281.LaBr(Ce).calibration.energy.c2=0.0
board.3-0-10281.LaBr(Ce).calibration.energy.uom=keV
board.3-0-10281.CeBr.rejections.singles=0.0
board.3-0-10281.CeBr.rejections.pileup=37.5027
board.3-0-10281.CeBr.rejections.saturation=1.97383
board.3-0-10281.CeBr.rejections.energy=0.0
board.3-0-10281.CeBr.rejections.psd=0.0
board.3-0-10281.CeBr.rejections.timedistribution=0.0
board.3-0-10281.CeBr.throughput=221.023
board.3-0-10281.CeBr.icr=223.042
board.3-0-10281.CeBr.ocr=183.566
board.3-0-10281.CeBr.calibration.energy.c0=0.0
board.3-0-10281.CeBr.calibration.energy.c1=1.0
board.3-0-10281.CeBr.calibration.energy.c2=0.0
board.3-0-10281.CeBr.calibration.energy.uom=keV
